M <- 3
N <- 100
x0 <- 
c(0, 2, -1)
X <- 
structure(c(0.60852223354037, -1.10033970547018, 0.907242653750291, -0.459247830102321, -2.2385689797001, -0.254692413254836,
-0.812236756137696, -0.198299012437181, -0.110434410522669, 1.9494088249124, -4.25671101251423, 4.22031147175022,
2.1697446307094, -3.35622657985497, -4.63370325003654, 0.309641682696826, 2.9768503024376, 1.03989430497363,
-0.445339823573345, -1.12676523165663, -4.02981196797131, -2.05412505879869, 1.23609335017028, -0.108314636707815,
0.648976442504881, -1.79913856014403, 1.58482218732048, -0.728572763582346, -0.900934957146994, -0.416157077409824,
4.29235131435656, 2.02034655809335, -1.45113000862758, -0.510480459563565, 1.9426182669456, 3.80057227887428,
-1.01315908992137, 0.696201870062755, 2.41310049432604, -1.10978648592927, 1.79273092527482, 1.7287054380964,
-0.63558162664676, 0.810952533091813, -1.06989707304084, 0.68681913428841, -2.92978701701776, -1.71566105319856,
0.224043589534039, -0.0807242883920974, 1.25407667822961, -3.85060313447261, -3.17228539208567, 2.40142225331849,
-2.20074833231336, 1.86408041013266, -1.25329516872653, -1.45236250117659, 1.67671600529286, 0.206466337271312,
-0.362305836665703, 2.29967338456621, 0.268750293724062, -1.0595021338914, 0.545578856456281, -2.37346524187507,
2.32837444307425, 0.126142399308887, 0.119665334997685, -1.0926450122945, -3.24395085870205, -3.27006147935717,
-1.18609219386581, 1.95906144820667, 1.23592790981444, -2.59797244019552, -0.416501920219419, 2.27878850838137,
3.05327863273689, -2.49947255277097, 0.573276716930885, 0.686691121419873, 1.42091600379166, -0.740451452939531,
1.86705784739047, 0.949548881047256, -0.828483182411306, 6.06643342792335, -1.67592026985863, -0.486353136087173,
-3.14815834178592, 1.1887303502459, -0.668111207877824, -1.64080652925362, -0.0340146278900818, 6.27527271848059,
-0.454521552327839, 1.31974539125959, 1.08893637250158, 1.00767380094198, 4.5239374956804, 1.71799455001116, 4.09095549383841,
5.28683876700261, 1.61905065479526, 3.91201512294887, 4.53121680993971, 4.65211667293192, 3.01277859062311,
0.0995419235803519, -1.63041823923586, 0.943876479497746, 0.921366411263757, -0.912361013564168, 0.575928144737539,
5.77169368917076, -0.638092669010536, 3.9250825096469, 5.94337868670784, 1.76248896883973, 0.956855022788201,
-2.06082268799082, 0.701136072366006, 4.76762010724061, 3.51089747045802, 1.46348568305127, 1.47088557246714,
5.80970560399961, 3.92797900516666, 3.50145988422488, -0.0959974321658519, 0.150211796122815, 1.12087806075335,
7.0981766561561, 1.24868759787003, -2.209991421419, 4.11704467044952, 3.45310858163722, 1.03847747638272, 3.01477337841951,
1.19102153925432, 1.39810047840372, 6.5684110663747, 4.47704100375534, 6.06687974335252, 2.25696512355485, 1.33999526765744,
1.02707464901912, 1.92631827722852, 4.14889737806973, 2.06457729571516, -2.07384284704506, -0.319248849929581,
0.137525642748123, 0.806180390407782, 1.28347467745689, 6.57955611539694, 4.69105269701785, 2.52088041061643,
6.67546499139029, 4.42761902271023, 0.256239533532929, 4.97703648212084, 3.03308621264093, 6.22092765753456,
0.224792190707618, 1.70140651677365, 3.44220914071332, 5.30458976005535, 3.20401756107991, 2.84378682720262, -0.7519460515653,
2.17912570845433, 1.71532427020659, 4.15221582250183, -1.00194839977667, 7.23775098649842, 0.919385057820201,
-3.05397960659817, -3.61626706297899, 3.69094955977179, 2.46883712646022, 1.24277314112081, 3.70261571411084,
-0.154931158957028, 3.79401757766105, 4.48993364803398, 2.86839403594931, 1.21042937417978, 4.51712617143636,
-1.66811901715516, 2.85431106643675, 5.32237643224789, 1.86815019540443, 2.43896019265515, 5.54040030080425, 4.4043159676981,
2.59197520853726, 3.66404235409235, 5.31797373522147, -1.2132689864963, 1.21685064031047, -2.60117980614775,
0.967676453209636, 0.805591908273759, 0.255155135037622, -0.202633237683323, -2.816685318907, 0.740888891228586,
-3.72868158735532, 3.11896095448416, -4.72962131122218, -3.97812042496476, 1.90873841027682, 4.14064822777055,
0.913461499275111, -2.92871118470123, -1.90441758982535, -1.92809205119279, -1.75701367522665, 3.41975345143302,
1.85190275368232, -2.7976592346579, -1.88473187596501, -2.57883254294816, 0.612963764920528, -2.51508013137446,
1.51508877793648, 0.279706643280706, -0.957917597818251, -4.68347224196425, -2.85089387313961, 1.23168276533512,
-0.526673373746309, -3.15492446654596, -4.57472890726648, -0.019126695552358, -2.01320879464209, -2.82412533335634,
0.406799187885663, -3.21793760938613, -3.91601404099444, 0.715333676687507, -0.941652948187541, 0.217534757111784,
-2.88404184075981, 0.730474248943419, -0.382394775527607, -1.1092311433632, -1.48357359922731, -3.32898799537423,
5.02512010597287, 2.83001852750945, -2.18004031526115, 1.18348392118618, -0.97964232053828, -0.928636579785787,
-0.296871088665963, -4.11291492528879, 0.0456585919589192, -1.34584582335414, -3.79591357113468, -0.580856899525596,
-0.279620232827926, -1.93176307680076, 0.649318722142874, -4.36740469156254, -2.12251892789795, -2.78703535424733,
0.221534990165079, 2.68405292235432, 4.59754951087401, 0.300056861497666, -3.22411288692602, -1.97420296197727,
1.72763463241995, -0.45272221374985, -3.94140423700058, -2.08244097014888, 3.02963469289758, -1.47077370772774,
-1.32130220094393, -2.67363746582516, -0.658349327725383, -2.4477678494855, -1.88434840341596, -1.15785740301101,
-6.26466463972363, 0.358215614473561, -0.478258555062276, 0.873555596038979, -2.32908543148128, -0.454351363710231,
0.930858958582136, -2.22272103292096, -8.34607561456481, 2.15843647560531, -3.05257594451974, -3.14406014789865,
-3.12024848682692),
.Dim = c(100, 3))
y <- 
c(12.5979605679208, 72.4365143925198, 4.9083679377149, 43.4130074603847, 80.7997814046909, 35.1743238292875,
35.0825267272652, 8.35100836204944, 42.7840361611394, 1.36325661226419, 219.068258273232, 31.7526037550637, 4.41207981924806,
145.302059745438, 257.971570115353, 27.7855627269194, 12.1367377375291, 7.32884165965262, 17.5330062749366, 15.7742349721585,
208.585830870455, 129.020240216104, 2.43070003029122, 13.132605790459, 4.49305483844234, 70.2565653666327, 4.07253402141562,
52.7079291383856, 44.183964456752, 22.7510336510785, 31.8978208561757, 4.70185849223332, 81.325180747388, 29.1156786233861,
3.83480493303557, 22.6392404453285, 40.2838918071852, 7.39379958136533, 5.28907144737057, 51.2537805171311, 3.33552200718939,
1.1711588022725, 39.6684507251656, 12.4328457212714, 42.7777046410864, 2.48247339705992, 90.6093773242094, 46.3716911429442,
18.1714454112314, 14.9865497573223, 0.276564836728407, 302.638407265753, 171.927125340188, 9.66734982583635, 94.1784725337269,
14.5227682255717, 34.0720961755612, 41.5755710131371, 3.36917657878797, 21.0181274647858, 18.7710767326467, 4.33903887408966,
18.2804541770747, 38.0574548148327, 12.6372902988313, 82.7222013555676, 8.88978377263224, 8.91629818250989, 9.83321496658544,
47.6488953445901, 149.575638574643, 250.549232521269, 52.2598851002436, 4.19057258355584, 7.42949996991276, 126.669295135108,
27.2298693410387, 4.96223443942482, 25.9232249381075, 195.918048136755, 11.5361871859756, 12.5398964622637, 3.70800395159372,
29.1287033861767, 8.19668372337071, 7.71523283329511, 23.9821437557835, 92.3888421140611, 62.5150266586071, 28.2626505321804,
107.386755200542, 5.07079077983615, 30.2662961583862, 74.1100392925698, 7.11452794047561, 172.944151373448, 63.281526346813,
2.69303710871817, 4.81130813358664, 9.64003916227308)
