N <- 1000
x <- 
c(-2.97348027524669, 0.388611920650857, 3.7860167184133, -2.11532505207753, -2.05086426111779, 1.23881091387601,
-0.223011012267395, 2.28712697491343, -1.71278252192451, 2.65437121703705, -0.157489791480464, 1.8615372235093,
3.36182937623681, 2.42515785635999, 2.17394655624105, -1.07167815033313, -1.79246910131136, -0.673331808215533,
0.0767325927881738, -1.17522611187832, -1.54122469396116, 1.03805490088226, 1.20632113611642, -0.588043195945986,
-2.51057385712628, -1.15421410027293, -0.169313272238467, -0.983795729820899, -0.112748390035786, -0.490945903936672,
1.89627259463064, -1.07178596286251, -0.743790057725642, -1.65113466114743, -2.78640384485104, -1.77321590456568,
-3.79541884468883, 2.01601854433318, -0.0681191140282089, 0.827727846676397, -2.1249322628893, -1.95900227246779,
-1.40534105750887, 1.74578939402713, 0.545907562283087, 1.43938493455244, -0.225016809883682, -3.0717390766596,
1.46069680629352, 1.52702527645707, 0.12467837727999, -1.26969891137703, -1.33237969647966, 0.914817999895252,
-1.34551702046565, -3.86800540178274, -0.158210238584515, 4.72087028629111, -0.136793373482998, -0.917736715813687,
1.05005400485659, 0.268763684288038, 0.224301850138695, -2.43672149615835, 1.29296496701885, -2.42912244745404,
-1.88057325992304, -0.7932177955986, 1.70398051790464, 0.193090627785851, 1.90121242756078, -2.62870646881024,
2.26039079216485, 1.72412208692294, 0.446946476893187, 0.265203644584037, 0.721238124794334, -0.918606618211031,
1.89657363779301, -2.09962105311812, -2.83424381933599, -3.57395272688435, 0.812342582980217, 4.66869220621487,
-0.535485261287095, 1.03498824154688, 0.351051219072201, 0.60520533429147, 1.61275366972448, -0.220888010538226,
-0.680350262877783, 1.00709499800659, 1.619171714507, 1.97269825276133, -2.62434739494803, 1.50718418723262,
-1.38831858836681, 0.137218484961964, -1.69820235009403, -2.28548249544971, 0.0673786015455058, 1.8541110381547,
-2.60441205286796, -2.30781955703601, -0.264886532467073, 0.701379331388585, 2.27808692679609, 2.02314224657252,
-1.4585864704286, 0.360523358385156, 0.902795149729645, -1.83220544565982, 0.972476185372778, 2.69295021418979,
1.39665161297624, -1.31559352311261, 0.136689051357421, -1.34746228109364, 0.317388338441274, -3.54340788753439,
3.66218604731205, 1.30627999077202, -1.13912608739532, -0.0259413489532041, -0.148862813618366, 1.7928262943576,
-0.676672992604949, -1.21863175954127, 0.394908336668155, -2.49951629322222, 0.0256821418503826, -0.0522355303183139,
0.225737316763876, -1.2399362606659, 1.73599978760894, -0.0443916210453394, 2.23462751484444, -0.193356261715294,
0.493783178918816, 1.66297481382755, -0.732490516837395, 3.48180928998353, 1.159157087239, 0.492780854619329,
-1.79317652186067, 1.81320473993243, 0.714159728887527, 0.998004525208241, 0.664382262045555, 1.35337016263256,
-1.7449119301181, 1.42332712112288, -2.51754485542597, 1.04809359767519, 1.98174076811045, -2.43321725906455,
1.40118824476981, 1.9357428604516, 2.72601574965036, 1.47089013495148, -1.78023107879238, -0.724896882345517,
-0.686042305022754, 2.6386970511777, 0.658292952633693, 1.24415499259213, -0.580095562762227, -1.53502056956509,
-4.71179500433612, -3.09676250716159, 1.32085518691949, -1.61748680108676, 1.74101247504765, -0.313031105594641,
1.41848947640336, -3.19243832308249, -0.411577808678408, 1.33853492732756, -1.03059423770006, -0.69646600576326,
-2.76555749664639, 2.18662921422797, 0.598785293067926, 1.99934989471512, -3.36459767447556, 2.56467599621676,
3.00783539971868, -1.2059770865875, -1.28710119995976, -0.821137908451273, -1.21446209018219, -4.13437693494328,
1.0001002249913, 2.11585790361668, 3.11015304264666, 1.65723226955571, 2.38912795543375, 0.326596424476767,
-1.02313273526447, 1.82773747638169, -0.373132760765079, -0.786938951780137, 2.52068007369725, 0.781238436104176,
1.19156785632883, 2.55187505625067, -1.61778741474883, 2.63764864523473, -0.0787123122117819, 0.41687136635166,
-1.44926016686686, 4.02682503634428, -1.27813641144035, -1.70814100928115, -0.460929942133731, 1.35185410101978,
-0.276353912054921, -0.778458081484537, 1.25768029088608, 1.74989246263504, -2.33012768529994, -3.42200071384182,
-0.851764907069444, -2.60427421697768, -0.581461080733049, 1.64597872637312, 2.6903850725163, 0.276060115004754,
1.15567405600298, -2.38882188149197, 1.85634729955736, -0.00407170169503185, -0.320659364698908, -2.08846573887788,
-2.81331236021652, 0.945082931586096, -1.33556817759153, 2.01851944763724, -0.0317670109811637, -0.151214294537344,
1.81540935011295, 0.24824878362639, 2.37960348973577, -0.236862893432051, -0.547583794494695, -2.67387261669133,
0.794677990676838, -0.780460382098712, 1.26951756224412, 3.20589898140238, -1.54521964117249, 0.869353553255022,
-0.974314218155707, -0.307865460430178, 0.794028743191166, 1.51074681840989, 0.325791544540394, -0.54395848542403,
0.817984892696379, 1.9085543563862, -0.924555435052203, 0.642276991699371, 1.44277199503424, 0.566127037829794,
-0.860891290633549, 1.14990752320774, 3.13923589429483, 0.639115770577305, -1.05609721591993, -0.536648432769677,
0.0362461147136803, 0.314824207303793, -0.329464770753349, 0.000574324584113506, 1.44539233408089, -0.018818679408215,
-1.1820607129283, 2.38544593988329, -0.0388450751317342, 0.212147787927498, 0.281626905501133, 0.68041596088093,
-1.14601138872579, -1.86143624806395, 1.99933190245016, 0.546101301722465, -0.652429007357909, 1.19786409869744,
-0.65477338576529, -1.12073599568971, 0.272865246538829, -2.28517651362317, -0.349267033988028, -0.56526459861254,
0.396717274014399, -0.159100430539236, 0.143903439465844, -0.588614896865701, -2.47443458197223, -0.426420894271595,
2.98650845154638, -3.37748008100567, -0.57509011771876, -0.536945807298771, 0.137839300982697, -1.05585956197602,
-1.24052245292213, -0.247332946908769, 0.699349103503229, 2.62561669742154, 0.659810358895002, 0.546797211824156,
-3.51707517678809, -1.64009374699043, -2.01374189847369, 0.365331927772696, 0.137356434031797, 2.0797850219423,
0.548544062418155, -0.770088942413554, 0.769317038018945, 1.25704138232117, -0.344926040703071, 2.09099225019243,
0.72267553424863, 1.50807275990043, -1.70412542233797, 0.0685313171574897, -2.67787468633424, -1.63831127935215,
1.87574094373709, -4.2842779586635, -2.7245441717373, 1.15940264028257, -1.54248067327084, -0.543130876902085,
-1.29911158214737, 0.490962141969492, -1.51861082181853, -4.63808637618426, -2.26721456600846, 3.12373740301105,
0.641215774695631, -0.595732115160891, 1.22896899010113, 1.01510712225012, -1.07394851627177, 2.19891104296852,
0.151102020733846, -1.83590640826489, -1.5087924896006, -1.24408733347682, 1.51925320470776, -1.99424348574826,
0.756687722293901, 1.45298220858995, -0.00632586882128499, -1.85840416190548, 1.03618322456174, -0.109381033044312,
-1.24786713922668, -1.29371896475317, -2.6375818096717, -0.489402762197171, -2.15928781809171, -1.47383257272719,
1.33440278583701, 1.03599762025946, 0.420074991364103, -0.60611329807431, 0.0235931389336941, 0.558525734004912,
1.85221918743635, -0.489412979017564, -1.31178948499042, 1.36430001619883, -0.596081425042378, -2.17675301224551,
0.845612305473108, 0.781203833865423, 1.21591771567409, 0.131042505582803, -0.947730024882309, -2.58627993878295,
0.996027689338731, -0.61959459589927, 1.46288669987758, -1.92535650978575, -0.637210197125096, 0.766520852805443,
-2.15614251762138, 0.586190768553997, -3.20941068711069, 2.56320558070399, -1.79962133000013, -2.33039056720364,
0.714333241478087, 1.87258120120607, -0.0462612979361543, 2.33547569173567, 0.585301987673688, 2.34028555106701,
0.292747020173378, -2.17650321407879, -0.0156095345650497, 1.86491755398342, 3.64036996412883, 2.35153309314585,
0.4557419782799, 1.41660561982284, -0.788582734417958, 0.244521987332009, -0.573685994875725, 1.32949815363488,
0.56284479174236, -0.619630429947286, 2.72427459725633, 0.299106781556197, 2.07688595628409, 1.10331165049588,
